5.112676056338028019e+00
4.882716049382715973e+00
5.364285714285713880e+00
4.764705882352941124e+00
4.778501628664495016e+00
4.864583333333333037e+00
4.924000000000000377e+00
4.990950226244343924e+00
5.023041474654378113e+00
4.911764705882353255e+00
5.606451612903225801e+00
4.686813186813187038e+00
4.692307692307692513e+00
4.964497041420118606e+00
4.856088560885608807e+00
5.110294117647058876e+00
5.100591715976331209e+00
5.157534246575342429e+00
5.350364963503649207e+00
4.837133550488599276e+00
4.856209150326797008e+00
5.538860103626943143e+00
4.669014084507042028e+00
4.857142857142856762e+00
4.786259541984732913e+00
4.595744680851064246e+00
4.571428571428571175e+00
5.171102661596957972e+00
4.717687074829932214e+00
4.920245398773006151e+00
4.992125984251968518e+00
4.590579710144927716e+00
4.933333333333333570e+00
5.066176470588235503e+00
4.600896860986547487e+00
4.641935483870967438e+00
4.959107806691450016e+00
5.063432835820895761e+00
4.937853107344632342e+00
4.927152317880794996e+00
4.631868131868132288e+00
4.660287081339713033e+00
4.879032258064516014e+00
4.691860465116278966e+00
5.047337278106509117e+00
4.871165644171779441e+00
4.770588235294117574e+00
4.901960784313725839e+00
5.166666666666666963e+00
5.051546391752577136e+00
4.663522012578616760e+00
4.785714285714285587e+00
4.735177865612648418e+00
4.730538922155688830e+00
4.445578231292516946e+00
4.496503496503496677e+00
5.369127516778523734e+00
4.655629139072847700e+00
4.735177865612648418e+00
4.606635071090047440e+00
4.581314878892733589e+00
5.581699346405228468e+00
4.558139534883721034e+00
4.488461538461538503e+00
4.475694444444444642e+00
4.712933753943217674e+00
4.690265486725663457e+00
4.639240506329113778e+00
4.319526627218935211e+00
4.283261802575107247e+00
4.244274809160305750e+00
4.831967213114753967e+00
4.643835616438356517e+00
4.282051282051281937e+00
4.628906250000000000e+00
4.667910447761194348e+00
4.714893617021276739e+00
4.776315789473684070e+00
5.049707602339180923e+00
4.567049808429119118e+00
4.437229437229436968e+00
4.729064039408867437e+00
4.802631578947368141e+00
4.585454545454545894e+00
5.028571428571428470e+00
4.486166007905138642e+00
4.344339622641509635e+00
4.540145985401459860e+00
4.561264822134387664e+00
5.060606060606060552e+00
4.529761904761905100e+00
4.422818791946308892e+00
4.782786885245901232e+00
4.082568807339449712e+00
4.225130890052356314e+00
4.208053691275167374e+00
4.458598726114649580e+00
4.416974169741697764e+00
4.519230769230769162e+00
4.145833333333333037e+00
4.574257425742573879e+00
3.861244019138756034e+00
4.356481481481481843e+00
4.157657657657657602e+00
4.832335329341317376e+00
4.397058823529412130e+00
3.990196078431372584e+00
4.370192307692307487e+00
4.509578544061302985e+00
4.367469879518072418e+00
4.870129870129869865e+00
4.932475884244372999e+00
4.259493670886075556e+00
4.516949152542372836e+00
4.473684210526315930e+00
4.622754491017963652e+00
4.804733727810650556e+00
4.099999999999999645e+00
4.631043256997455337e+00
4.263157894736842479e+00
4.316939890710382421e+00
4.272108843537415268e+00
4.487730061349693322e+00
4.298742138364779919e+00
4.619528619528619373e+00
5.027355623100303816e+00
4.788321167883212048e+00
4.360189573459715362e+00
4.472118959107806546e+00
4.299999999999999822e+00
4.846689895470383647e+00
4.474074074074073870e+00
4.919354838709677047e+00
4.769230769230769162e+00
4.340206185567009989e+00
4.125000000000000000e+00
4.609164420485175384e+00
4.501639344262295062e+00
4.607142857142856762e+00
4.580188679245282835e+00
4.158415841584158557e+00
5.224561403508771740e+00
4.436170212765957466e+00
4.355000000000000426e+00
4.540740740740740300e+00
4.219008264462809521e+00
4.645695364238410896e+00
4.873134328358209366e+00
4.379310344827586299e+00
4.269938650306748684e+00
4.494623655913978055e+00
4.333333333333333037e+00
4.191082802547771102e+00
4.653571428571428470e+00
4.527687296416938345e+00
4.737642585551331109e+00
4.024691358024691468e+00
3.978165938864628881e+00
4.415000000000000036e+00
4.504201680672268893e+00
4.383419689119170570e+00
4.730061349693251316e+00
4.510309278350515427e+00
4.528239202657807105e+00
4.420212765957447054e+00
5.034246575342465668e+00
4.486413043478260754e+00
4.549090909090908852e+00
4.745454545454545148e+00
4.315270935960590748e+00
4.728476821192052704e+00
4.571428571428571175e+00
4.480769230769230838e+00
4.414772727272727515e+00
4.650246305418718862e+00
4.466417910447761486e+00
4.806324110671936545e+00
4.115384615384614975e+00
4.889312977099236512e+00
4.896414342629482164e+00
4.607547169811320842e+00
4.339534883720930658e+00
4.775757575757575424e+00
4.191919191919192045e+00
5.185567010309278579e+00
4.809701492537313605e+00
5.006060606060605878e+00
4.767999999999999794e+00
3.969026548672566435e+00
4.414141414141414366e+00
4.454225352112676006e+00
4.860696517412935513e+00
4.502415458937197634e+00
4.521912350597609986e+00
5.000000000000000000e+00
4.592592592592592560e+00
5.007662835249042210e+00
4.559523809523809312e+00
4.675324675324675106e+00
4.853333333333333499e+00
4.937062937062936641e+00
4.478260869565217739e+00
4.556034482758620996e+00
4.254498714652956259e+00
4.200000000000000178e+00
4.503448275862068861e+00
4.321637426900585055e+00
5.050632911392405333e+00
4.569696969696969369e+00
4.360000000000000320e+00
4.584210526315789735e+00
4.783464566929134243e+00
4.787974683544304000e+00
4.373417721518987555e+00
4.310126582278480889e+00
4.549618320610687050e+00
5.149700598802395390e+00
4.873076923076922640e+00
4.820312500000000000e+00
4.394190871369294982e+00
4.226720647773279715e+00
5.337579617834395052e+00
4.832258064516128826e+00
4.818181818181818343e+00
4.901960784313725839e+00
4.982456140350877583e+00
4.380368098159508783e+00
4.315508021390374260e+00
4.869281045751633563e+00
4.407960199004975266e+00
4.890322580645161565e+00
4.418006430868167023e+00
4.858757062146892736e+00
4.932773109243697718e+00
4.625000000000000000e+00
4.838983050847457612e+00
4.644518272425249172e+00
4.825000000000000178e+00
4.892592592592592382e+00
4.674157303370786387e+00
6.187500000000000000e+00
5.110778443113772163e+00
4.346341463414634454e+00
4.772727272727272485e+00
4.687258687258687218e+00
4.571428571428571175e+00
4.882352941176471006e+00
4.672222222222222499e+00
4.772870662460567459e+00
4.859205776173284974e+00
4.822033898305084776e+00
4.583690987124463767e+00
4.088235294117646745e+00
5.051282051282051100e+00
4.076023391812865881e+00
4.545871559633027914e+00
4.392045454545454142e+00
4.444881889763779625e+00
4.189944134078212201e+00
4.357400722021660400e+00
4.669064748201439130e+00
4.613333333333333286e+00
4.431438127090300938e+00
4.461538461538461675e+00
5.025157232704402510e+00
4.232638888888889284e+00
5.287878787878788067e+00
4.984375000000000000e+00
4.593073593073593308e+00
4.421383647798742267e+00
4.400000000000000355e+00
4.586206896551724199e+00
5.111111111111110716e+00
5.123222748815165595e+00
4.638418079096044977e+00
4.155555555555555891e+00
4.631578947368421240e+00
4.819787985865723989e+00
4.575471698113207530e+00
5.010526315789473273e+00
4.114864864864864913e+00
4.839215686274509487e+00
4.520161290322580960e+00
4.921052631578947789e+00
4.795348837209302495e+00
4.559701492537313605e+00
4.701067615658362620e+00
4.269607843137254832e+00
4.166666666666666963e+00
4.832653061224490010e+00
4.267281105990783807e+00
4.713541666666666963e+00
4.686991869918698761e+00
4.404109589041095951e+00
4.573863636363636687e+00
4.888888888888889284e+00
4.017241379310345195e+00
4.774869109947643686e+00
4.650349650349649977e+00
4.412121212121212110e+00
4.839662447257383704e+00
4.280821917808219190e+00
4.627906976744186274e+00
4.556818181818181657e+00
5.373239436619718035e+00
4.624183006535947271e+00
4.873873873873874274e+00
4.900000000000000355e+00
4.514851485148514421e+00
4.787234042553191848e+00
4.247126436781608838e+00
4.448087431693989124e+00
4.931216931216931165e+00
4.440789473684210620e+00
4.590909090909090828e+00
4.732000000000000206e+00
5.122905027932961097e+00
4.700000000000000178e+00
5.312236286919831407e+00
4.892307692307692690e+00
4.613281250000000000e+00
4.537313432835820670e+00
4.311111111111110894e+00
4.594501718213058084e+00
4.381909547738693789e+00
4.406374501992031512e+00
4.310810810810810523e+00
4.618497109826589231e+00
5.153061224489795755e+00
4.871698113207546754e+00
4.736842105263157521e+00
5.282051282051281937e+00
4.645038167938931650e+00
4.956043956043956200e+00
4.514285714285714235e+00
4.312500000000000000e+00
4.540145985401459860e+00
4.529069767441860073e+00
4.440740740740740655e+00
4.250996015936254757e+00
4.611111111111110716e+00
5.000000000000000000e+00
4.115999999999999659e+00
4.750000000000000000e+00
4.548076923076923350e+00
4.302325581395348486e+00
4.041666666666666963e+00
4.848148148148148096e+00
4.591549295774647987e+00
4.482412060301507850e+00
4.491999999999999993e+00
5.268656716417910779e+00
4.555555555555555358e+00
5.213114754098360670e+00
4.799999999999999822e+00
4.568181818181818343e+00
4.678787878787878718e+00
4.638364779874214250e+00
4.579487179487179205e+00
4.519553072625698498e+00
4.723076923076923173e+00
4.540909090909091006e+00
4.634146341463414309e+00
4.913494809688581100e+00
4.396078431372549389e+00
4.537974683544304000e+00
5.152000000000000135e+00
4.837301587301586991e+00
4.620481927710843095e+00
4.620915032679738133e+00
4.875968992248061795e+00
4.342105263157894690e+00
4.798283261802574806e+00
4.289940828402366790e+00
5.274647887323943962e+00
4.652380952380952728e+00
4.837545126353790970e+00
4.931250000000000355e+00
4.799999999999999822e+00
4.893203883495145234e+00
4.620689655172413701e+00
5.160305343511450538e+00
4.406091370558375964e+00
4.580901856763925473e+00
5.079847908745247054e+00
4.882113821138211129e+00
4.460732984293193759e+00
4.759999999999999787e+00
4.822368421052631859e+00
4.414364640883977842e+00
4.519148936170212849e+00
4.482014388489208301e+00
4.572327044025157328e+00
4.640692640692640758e+00
5.373786407766989903e+00
4.615000000000000213e+00
4.781065088757396886e+00
4.865566037735849392e+00
4.791164658634538220e+00
5.000000000000000000e+00
4.325000000000000178e+00
4.872403560830860236e+00
4.441406250000000000e+00
4.610328638497652953e+00
4.548387096774193949e+00
4.761363636363636687e+00
4.824712643678161328e+00
4.707964601769911717e+00
4.903703703703703454e+00
4.951219512195121908e+00
4.643835616438356517e+00
4.510869565217391575e+00
4.682352941176470829e+00
4.576354679802955516e+00
4.927419354838709964e+00
4.702005730659025495e+00
4.487562189054726147e+00
4.222591362126245862e+00
4.414814814814814525e+00
4.511111111111111072e+00
4.476190476190476275e+00
4.334975369458128114e+00
4.252212389380530588e+00
4.636054421768707634e+00
4.647727272727272485e+00
4.676616915422885157e+00
4.942857142857143060e+00
4.670250896057347667e+00
4.845714285714286085e+00
4.626506024096385339e+00
4.454545454545454142e+00
4.820846905537459648e+00
4.608433734939758608e+00
4.778481012658227556e+00
4.423280423280423257e+00
4.381074168797954194e+00
4.671232876712328341e+00
4.335106382978723083e+00
4.561643835616438380e+00
4.405128205128205465e+00
4.816568047337278280e+00
4.686390532544378651e+00
4.326923076923076650e+00
4.501718213058419238e+00
4.909547738693467167e+00
4.882882882882882747e+00
4.870056497175140997e+00
5.045197740112993934e+00
4.489361702127659726e+00
4.594117647058823195e+00
4.463035019455253050e+00
4.299270072992700698e+00
4.221476510067113885e+00
4.632653061224489832e+00
4.788235294117646923e+00
4.760956175298804993e+00
4.584775086505190167e+00
4.649606299212598159e+00
4.733812949640287648e+00
4.804733727810650556e+00
4.703389830508474923e+00
4.697674418604651514e+00
4.636942675159235527e+00
4.699386503067485066e+00
4.808219178082191902e+00
5.020080321285140812e+00
5.089171974522293418e+00
5.026666666666666394e+00
5.111111111111110716e+00
4.924999999999999822e+00
4.393939393939393590e+00
4.513944223107570153e+00
4.657718120805369288e+00
4.657024793388429451e+00
4.958904109589041376e+00
4.832618025751073354e+00
4.909090909090909172e+00
4.361111111111110716e+00
4.809352517985611364e+00
4.676975945017182390e+00
4.527607361963189803e+00
4.793103448275862100e+00
5.022727272727272485e+00
4.329032258064516192e+00
4.238095238095238138e+00
4.723684210526315930e+00
4.726708074534161419e+00
4.829931972789115235e+00
5.088888888888888573e+00
4.461538461538461675e+00
4.724279835390946758e+00
4.274285714285714022e+00
5.035019455252918164e+00
4.620000000000000107e+00
4.888446215139442330e+00
4.901574803149606474e+00
4.732937685459940980e+00
4.630057803468208277e+00
4.491124260355029207e+00
4.996621621621621934e+00
4.710843373493975861e+00
4.554878048780487632e+00
4.430830039525691433e+00
4.823717948717948900e+00
4.801556420233462852e+00
4.503521126760563043e+00
4.496503496503496677e+00
4.302583025830258201e+00
4.193763919821826391e+00
4.352272727272727515e+00
4.666666666666666963e+00
4.494117647058823550e+00
4.698630136986301054e+00
4.648514851485148647e+00
4.936842105263157698e+00
4.726457399103138890e+00
5.028391167192428846e+00
4.717105263157894690e+00
4.780254777070063632e+00
4.853260869565217739e+00
4.758620689655172598e+00
4.548611111111110716e+00
4.478260869565217739e+00
4.802547770700637209e+00
4.609271523178807506e+00
4.808900523560209805e+00
4.676923076923077183e+00
4.715654952076677731e+00
4.685840707964601393e+00
4.768987341772152000e+00
4.711934156378601024e+00
4.783783783783784216e+00
4.534653465346534240e+00
4.801526717557251800e+00
4.561151079136690711e+00
4.265060240963855165e+00
3.995024875621890459e+00
4.675276752767527633e+00
4.583333333333333037e+00
4.838383838383838231e+00
4.298850574712643535e+00
4.806349206349206149e+00
4.864864864864864913e+00
4.400000000000000355e+00
4.473429951690821582e+00
4.736263736263736313e+00
4.162921348314606362e+00
4.264999999999999680e+00
4.833740831295843421e+00
4.478873239436619969e+00
4.523316062176165886e+00
4.274611398963730657e+00
5.125000000000000000e+00
4.829351535836177156e+00
4.488764044943819975e+00
4.841614906832298004e+00
4.895999999999999908e+00
4.329608938547486296e+00
4.985865724381625341e+00
4.591397849462365954e+00
4.744588744588744689e+00
4.390243902439024737e+00
4.721649484536082575e+00
4.392857142857143238e+00
4.858490566037735547e+00
4.655797101449275388e+00
5.142259414225941683e+00
4.421787709497206897e+00
4.594095940959409319e+00
4.383838383838384090e+00
4.997142857142857331e+00
4.563218390804597568e+00
4.823529411764705621e+00
4.312217194570135526e+00
4.748427672955974899e+00
4.429999999999999716e+00
4.861660079051383754e+00
4.276497695852534697e+00
4.437500000000000000e+00
4.122093023255813726e+00
4.216393442622950793e+00
4.583673469387755439e+00
4.671280276816609067e+00
4.270408163265305923e+00
4.778947368421052388e+00
4.505263157894736636e+00
4.757575757575757791e+00
4.366197183098591950e+00
4.365714285714285658e+00
4.616161616161615910e+00
4.500000000000000000e+00
4.663967611336031993e+00
4.595555555555555394e+00
4.670658682634730496e+00
4.594594594594594739e+00
4.171974522292993370e+00
4.283333333333333215e+00
4.201388888888889284e+00
4.690972222222222321e+00
4.806167400881057539e+00
4.513307984790874805e+00
4.593625498007968488e+00
4.236994219653179350e+00
5.194444444444444642e+00
4.351020408163265074e+00
4.883392226148409954e+00
4.349056603773584939e+00
4.608163265306122192e+00
4.494464944649446458e+00
4.471698113207547287e+00
4.302564102564102377e+00
4.816901408450704025e+00
4.833333333333333037e+00
4.866935483870967971e+00
4.635658914728682412e+00
4.825396825396825129e+00
4.294117647058823373e+00
4.725961538461538325e+00
4.787610619469026219e+00
4.146718146718146869e+00
4.599290780141844337e+00
5.216000000000000192e+00
4.749235474006115787e+00
4.805447470817120426e+00
4.523605150214592641e+00
4.460122699386502632e+00
4.485294117647058876e+00
4.658862876254180385e+00
4.939849624060149935e+00
4.831999999999999851e+00
4.610526315789473806e+00
4.517928286852590070e+00
4.398907103825136389e+00
4.606194690265486891e+00
4.468208092485548732e+00
4.596774193548387011e+00
4.936254980079681332e+00
4.336683417085427372e+00
4.670520231213872719e+00
4.500000000000000000e+00
4.098522167487685053e+00
4.290441176470587870e+00
4.592356687898089262e+00
4.314606741573033588e+00
4.724738675958188416e+00
4.818791946308724761e+00
4.461077844311377660e+00
4.753424657534246478e+00
4.784431137724550531e+00
4.664179104477612192e+00
4.565371024734981908e+00
4.442567567567567544e+00
4.247148288973384034e+00
4.163865546218487701e+00
4.690476190476190688e+00
4.351351351351351759e+00
4.699507389162561388e+00
4.411347517730496826e+00
5.003095975232198178e+00
4.417475728155340065e+00
4.859154929577464976e+00
3.864661654135338242e+00
4.825065274151436157e+00
4.364864864864864913e+00
4.905138339920948276e+00
4.697802197802197988e+00
4.311320754716980730e+00
4.855595667870035825e+00
4.368852459016393297e+00
4.196969696969697239e+00
4.387096774193548043e+00
4.929961089494163673e+00
4.403314917127072015e+00
4.793548387096774555e+00
4.818461538461538574e+00
4.592964824120603140e+00
4.132420091324201294e+00
4.700964630225080043e+00
4.799999999999999822e+00
4.740384615384614975e+00
4.403125000000000178e+00
4.357894736842105488e+00
4.798816568047337583e+00
4.276978417266186661e+00
4.928888888888889319e+00
4.085106382978723083e+00
4.711111111111111249e+00
4.661538461538461853e+00
4.871212121212121104e+00
4.512455516014235002e+00
4.467213114754098768e+00
4.924812030075187863e+00
4.453201970443349644e+00
4.528517110266159662e+00
4.246913580246913789e+00
4.653710247349823526e+00
4.168421052631578583e+00
4.505617977528089568e+00
4.655555555555555891e+00
4.138157894736842479e+00
4.272727272727272485e+00
4.522471910112359161e+00
4.740181268882174948e+00
4.901869158878504606e+00
4.449814126394051605e+00
4.262500000000000178e+00
4.536082474226803996e+00
4.305084745762711940e+00
4.190000000000000391e+00
4.828025477707006630e+00
4.453987730061349737e+00
5.126279863481228993e+00
4.569852941176471006e+00
4.009433962264150608e+00
4.101910828025477684e+00
4.363265306122449338e+00
4.744444444444444464e+00
4.620689655172413701e+00
4.655660377358490365e+00
4.214285714285714413e+00
4.362499999999999822e+00
4.667752442996742523e+00
5.346405228758169592e+00
4.381410256410256387e+00
4.677966101694915224e+00
4.529801324503311299e+00
4.533141210374640018e+00
4.518987341772152000e+00
4.940594059405940541e+00
4.274052478134111155e+00
4.598591549295774961e+00
4.792982456140350678e+00
4.644067796610169552e+00
4.088235294117646745e+00
5.370370370370370239e+00
4.690690690690690445e+00
4.437500000000000000e+00
4.994623655913978055e+00
4.467811158798283167e+00
5.015209125475284857e+00
4.980707395498392032e+00
4.787401574803149984e+00
4.371428571428570997e+00
4.383647798742138058e+00
4.360000000000000320e+00
4.932692307692307487e+00
4.076124567474048277e+00
4.257575757575757791e+00
4.012345679012345734e+00
5.076655052264808177e+00
4.652631578947368673e+00
3.982035928143712766e+00
4.382716049382715973e+00
4.390532544378697999e+00
4.531250000000000000e+00
4.496688741721854399e+00
4.233128834355828651e+00
4.184357541899441202e+00
4.877323420074349158e+00
4.505300353356890497e+00
4.378048780487804770e+00
4.306306306306306730e+00
4.169696969696969902e+00
5.219512195121951414e+00
4.173295454545454142e+00
4.478827361563517684e+00
4.749163879598662596e+00
4.204301075268817023e+00
4.189189189189189477e+00
4.010638297872340274e+00
4.169590643274854180e+00
5.358803986710963585e+00
4.503225806451612634e+00
4.345238095238094900e+00
4.804651162790698038e+00
4.625698324022346597e+00
4.189189189189189477e+00
4.890909090909090651e+00
4.339901477832512455e+00
4.917460317460317754e+00
3.831896551724137900e+00
4.368794326241134840e+00
4.397790055248618657e+00
4.961038961038960693e+00
4.844961240310077244e+00
4.333333333333333037e+00
4.236686390532544699e+00
5.190476190476190688e+00
4.647058823529412130e+00
4.535269709543568339e+00
4.725806451612903025e+00
4.542087542087542396e+00
4.544943820224719211e+00
4.288135593220339103e+00
4.712374581939799079e+00
4.403141361256544428e+00
4.424501424501424474e+00
4.958333333333333037e+00
4.975975975975975629e+00
4.543165467625899012e+00
4.632958801498127777e+00
4.581896551724137900e+00
4.611353711790393106e+00
4.623711340206185127e+00
4.359649122807017108e+00
4.268292682926829507e+00
4.841924398625429227e+00
4.723636363636363633e+00
4.669603524229074765e+00
4.173333333333332895e+00
4.323420074349442643e+00
4.318471337579618208e+00
4.927444794952680951e+00
4.272151898734176889e+00
4.615131578947368141e+00
4.618374558303886879e+00
4.673469387755101678e+00
4.717391304347826164e+00
4.672413793103448398e+00
4.604938271604938294e+00
4.423841059602649395e+00
4.781376518218623417e+00
4.483870967741935054e+00
4.276595744680850686e+00
4.669841269841270126e+00
4.601562500000000000e+00
4.345238095238094900e+00
4.480000000000000426e+00
4.178571428571428825e+00
4.966542750929368033e+00
4.869888475836431141e+00
4.368421052631578760e+00
4.378995433789953928e+00
4.526315789473684070e+00
4.149732620320855325e+00
4.725888324873096735e+00
5.120300751879699241e+00
4.655172413793103203e+00
4.887029288702929186e+00
4.635193133047210701e+00
5.386792452830188260e+00
4.648979591836734926e+00
4.783269961977186568e+00
5.055299539170507117e+00
4.393333333333333535e+00
4.431818181818181657e+00
4.281081081081080875e+00
4.164634146341463783e+00
4.666666666666666963e+00
5.584905660377358139e+00
4.422053231939163886e+00
5.011560693641618158e+00
4.955156950672646055e+00
4.846938775510204245e+00
4.687500000000000000e+00
4.854037267080745011e+00
4.862068965517241104e+00
4.975169300225733338e+00
5.311258278145695400e+00
5.057522123893805066e+00
4.833333333333333037e+00
4.803921568627450789e+00
5.101063829787234383e+00
4.878472222222222321e+00
4.880239520958084221e+00
4.866171003717472132e+00
5.138364779874214250e+00
4.563517915309446060e+00
4.651079136690647431e+00
5.006097560975609539e+00
4.933593750000000000e+00
5.130434782608695343e+00
4.660112359550561578e+00
5.321839080459770166e+00
5.053097345132743001e+00
4.781420765027322162e+00
5.134146341463414309e+00
4.988505747126437129e+00
5.102941176470587870e+00
5.446540880503144777e+00
4.530973451327433565e+00
4.750000000000000000e+00
4.602836879432624428e+00
4.819607843137254655e+00
4.813148788927335886e+00
5.251533742331288224e+00
4.706666666666666998e+00
4.498194945848375426e+00
5.230769230769230838e+00
5.083636363636363953e+00
4.840466926070038589e+00
4.954022988505746738e+00
5.233766233766234066e+00
4.737410071942446343e+00
5.012121212121211755e+00
5.172727272727272840e+00
5.245714285714285552e+00
5.687943262411347511e+00
4.732620320855614793e+00
4.429752066115702824e+00
5.107692307692307310e+00
5.070921985815602717e+00
4.671957671957671643e+00
4.256756756756757021e+00
4.264864864864865268e+00
4.360824742268040843e+00
4.540284360189573043e+00
4.364705882352940769e+00
4.171779141104294375e+00
4.734982332155476925e+00
4.363207547169811740e+00
4.343750000000000000e+00
4.559386973180076907e+00
4.528497409326424972e+00
4.448648648648648951e+00
4.882978723404255206e+00
4.550898203592814717e+00
4.699633699633699813e+00
4.681102362204724088e+00
4.810218978102189347e+00
4.719696969696969724e+00
4.860082304526748942e+00
3.861344537815126099e+00
4.455056179775280789e+00
4.730263157894737169e+00
4.827464788732394041e+00
4.827160493827160614e+00
4.821678321678321666e+00
4.647214854111405558e+00
3.976878612716762795e+00
5.026717557251908275e+00
4.657258064516129004e+00
4.537572254335260347e+00
4.343283582089552119e+00
4.366459627329192905e+00
4.792899408284023721e+00
4.300395256916996090e+00
5.015544041450777257e+00
4.540697674418604279e+00
4.104761904761904390e+00
4.270142180094786966e+00
4.589743589743589425e+00
4.475460122699386645e+00
4.619335347432024008e+00
4.544502617801047251e+00
4.274038461538461675e+00
4.604000000000000092e+00
4.864583333333333037e+00
5.183266932270916172e+00
4.301204819277108626e+00
3.977186311787072270e+00
4.427083333333333037e+00
4.801652892561983244e+00
4.796721311475409699e+00
4.135869565217391575e+00
4.908695652173912904e+00
5.135714285714286120e+00
4.303030303030302761e+00
4.507614213197969733e+00
4.133333333333333748e+00
4.785992217898832557e+00
4.484177215189873777e+00
4.867521367521367104e+00
5.014492753623188470e+00
4.434065934065934300e+00
4.717948717948718063e+00
4.696864111498257444e+00
4.473118279569892053e+00
4.321428571428571175e+00
4.447513812154696211e+00
4.351190476190476275e+00
4.562162162162161749e+00
4.582474226804123418e+00
4.710247349823321272e+00
4.523076923076922995e+00
5.131386861313868231e+00
4.078512396694215170e+00
4.393013100436681029e+00
4.470588235294117752e+00
4.547945205479452468e+00
4.862745098039215286e+00
4.500000000000000000e+00
4.333333333333333037e+00
4.621722846441947752e+00
4.383333333333333748e+00
4.942307692307692513e+00
3.974489795918367374e+00
4.407960199004975266e+00
4.914529914529914834e+00
5.000000000000000000e+00
4.672727272727272840e+00
5.115646258503401711e+00
4.682593856655290487e+00
5.139999999999999680e+00
4.717171717171717127e+00
4.638009049773756054e+00
5.474747474747474918e+00
4.791139240506328889e+00
4.850931677018633259e+00
5.349999999999999645e+00
4.595015576323987716e+00
4.595238095238094900e+00
4.612612612612612573e+00
5.092485549132947931e+00
4.813084112149533134e+00
5.234177215189873777e+00
5.434782608695652328e+00
4.765690376569037490e+00
4.741666666666666252e+00
4.993333333333333179e+00
4.484662576687116875e+00
4.880136986301369717e+00
4.532967032967032850e+00
4.570512820512820262e+00
4.656250000000000000e+00
4.088888888888888573e+00
4.835748792270531560e+00
4.796992481203007586e+00
5.483606557377049384e+00
4.567999999999999616e+00
4.389121338912134185e+00
4.808176100628930527e+00
4.729032258064516547e+00
4.922580645161290569e+00
4.865384615384614975e+00
3.975247524752475226e+00
4.802521008403361158e+00
4.786885245901639330e+00
4.392857142857143238e+00
4.568749999999999645e+00
4.503937007874015741e+00
4.736111111111110716e+00
4.967948717948718063e+00
4.453038674033149569e+00
4.796536796536796210e+00
4.524038461538461675e+00
4.559748427672955629e+00
4.555555555555555358e+00
5.011363636363636687e+00
4.571428571428571175e+00
4.731884057971014634e+00
4.407894736842105310e+00
4.730232558139534582e+00
5.159235668789809104e+00
4.113402061855669700e+00
4.725490196078431460e+00
4.568773234200743438e+00
4.451923076923076650e+00
4.599999999999999645e+00
4.767676767676767291e+00
4.880597014925372790e+00
4.349112426035502743e+00
4.688135593220338571e+00
4.513833992094861358e+00
4.932539682539682779e+00
4.679536679536679955e+00
4.593333333333333712e+00
4.203488372093023173e+00
4.500000000000000000e+00
5.074829931972788977e+00
4.480392156862745168e+00
4.471014492753623060e+00
5.021897810218978186e+00
4.550847457627118509e+00
4.365671641791045055e+00
4.572438162544169238e+00
5.077348066298342566e+00
4.602339181286549952e+00
4.515037593984962072e+00
4.433544303797468444e+00
4.979166666666666963e+00
4.625698324022346597e+00
4.536170212765957110e+00
4.513698630136985912e+00
4.021390374331550888e+00
4.662698412698413009e+00
4.678217821782178376e+00
4.503846153846153832e+00
4.124352331606218058e+00
4.885813148788927585e+00
4.443925233644860029e+00
4.659340659340659663e+00
4.552631578947368141e+00
4.254658385093168071e+00
4.491329479768785937e+00
4.539007092198581894e+00
4.843342036553524466e+00
4.437722419928825879e+00
4.222222222222222321e+00
4.436065573770491710e+00
4.879396984924623482e+00
4.478260869565217739e+00
4.832317073170731447e+00
4.701754385964912686e+00
4.463483146067416030e+00
4.879999999999999893e+00
4.524064171122994971e+00
5.107692307692307310e+00
4.563157894736842302e+00
4.544354838709677047e+00
4.612565445026177713e+00
4.727586206896551957e+00
4.587392550143266412e+00
4.492307692307692335e+00
4.781132075471697718e+00
4.434523809523809312e+00
4.804347826086956097e+00
5.222222222222222321e+00
4.964539007092198197e+00
4.254807692307692513e+00
4.539622641509433620e+00
4.953890489913544748e+00
4.608695652173913082e+00
4.519061583577713037e+00
4.547794117647058876e+00
4.488479262672811387e+00
4.508474576271186862e+00
5.091743119266054940e+00
4.298429319371727786e+00
4.570909090909091255e+00
4.984126984126984183e+00
4.984756097560975263e+00
5.004504504504504681e+00
4.865942028985506873e+00
4.857777777777777750e+00
4.828947368421052211e+00
4.463087248322147538e+00
4.561403508771929793e+00
4.877862595419847125e+00
4.733333333333333393e+00
4.799212598425197207e+00
4.606060606060606410e+00
4.599999999999999645e+00
4.404651162790697683e+00
4.559210526315789380e+00
5.173652694610778369e+00
4.906077348066298249e+00
4.525641025641025550e+00
