1.419999999999999929e+01
2.342857142857142705e+01
2.000000000000000000e+01
2.039999999999999858e+01
1.534999999999999964e+01
2.057142857142857295e+01
1.923076923076922995e+01
1.585714285714285765e+01
2.169999999999999929e+01
2.266666666666666785e+01
1.937500000000000000e+01
2.033333333333333215e+01
1.588888888888888928e+01
2.816666666666666785e+01
2.472727272727272663e+01
2.266666666666666785e+01
1.408333333333333393e+01
1.825000000000000000e+01
2.283333333333333215e+01
1.823529411764705799e+01
1.700000000000000000e+01
1.616666666666666785e+01
2.192307692307692335e+01
1.889999999999999858e+01
1.650000000000000000e+01
2.050000000000000000e+01
1.971428571428571530e+01
1.892857142857142705e+01
1.400000000000000000e+01
2.062500000000000000e+01
1.587500000000000000e+01
1.617647058823529349e+01
1.980000000000000071e+01
1.611764705882352899e+01
3.185714285714285765e+01
2.827272727272727337e+01
1.494444444444444464e+01
1.793333333333333357e+01
9.315789473684210620e+00
2.171428571428571530e+01
2.600000000000000000e+01
2.322222222222222143e+01
1.915384615384615330e+01
2.471428571428571530e+01
2.150000000000000000e+01
2.328571428571428470e+01
1.705000000000000071e+01
2.178571428571428470e+01
1.440000000000000036e+01
3.250000000000000000e+01
1.673684210526315752e+01
2.939999999999999858e+01
1.405555555555555536e+01
2.087500000000000000e+01
1.741176470588235148e+01
2.207692307692307665e+01
2.483333333333333215e+01
2.185714285714285765e+01
1.946153846153845990e+01
1.623076923076922995e+01
1.252173913043478315e+01
1.700000000000000000e+01
2.569999999999999929e+01
2.000000000000000000e+01
1.600000000000000000e+01
1.272000000000000064e+01
2.280000000000000071e+01
1.584999999999999964e+01
2.414285714285714235e+01
2.118181818181818343e+01
2.183333333333333215e+01
1.626666666666666572e+01
1.717647058823529349e+01
1.950000000000000000e+01
1.482352941176470651e+01
2.233333333333333215e+01
2.118181818181818343e+01
2.026666666666666572e+01
1.628571428571428470e+01
1.864285714285714235e+01
1.650000000000000000e+01
1.457142857142857117e+01
3.039999999999999858e+01
1.964285714285714235e+01
1.441176470588235325e+01
1.488235294117647101e+01
2.355555555555555713e+01
1.712500000000000000e+01
2.300000000000000000e+01
1.835714285714285765e+01
1.788888888888888928e+01
1.568421052631578938e+01
1.626666666666666572e+01
2.180000000000000071e+01
1.910000000000000142e+01
1.862500000000000000e+01
2.257142857142857295e+01
2.084615384615384670e+01
1.581250000000000000e+01
1.681818181818181657e+01
1.638888888888888928e+01
2.089999999999999858e+01
1.741666666666666785e+01
2.219999999999999929e+01
2.112500000000000000e+01
1.511111111111111072e+01
2.192857142857142705e+01
2.089999999999999858e+01
2.175000000000000000e+01
1.660000000000000142e+01
3.080000000000000071e+01
1.636842105263157876e+01
1.975000000000000000e+01
1.863157894736842124e+01
1.900000000000000000e+01
1.192857142857142883e+01
1.207142857142857117e+01
2.250000000000000000e+01
2.456250000000000000e+01
1.583333333333333393e+01
1.533333333333333393e+01
2.672727272727272663e+01
2.037500000000000000e+01
2.650000000000000000e+01
1.644444444444444287e+01
2.062500000000000000e+01
2.291666666666666785e+01
1.758333333333333215e+01
1.681250000000000000e+01
1.500000000000000000e+01
1.913333333333333286e+01
2.076923076923077005e+01
1.550000000000000000e+01
1.875000000000000000e+01
2.155555555555555713e+01
1.977777777777777857e+01
1.957894736842105132e+01
1.800000000000000000e+01
2.087500000000000000e+01
2.119999999999999929e+01
1.950000000000000000e+01
2.035714285714285765e+01
1.566666666666666607e+01
2.000000000000000000e+01
1.730434782608695699e+01
2.016666666666666785e+01
1.092592592592592560e+01
1.125000000000000000e+01
1.739999999999999858e+01
1.811111111111111072e+01
1.690909090909091006e+01
1.741666666666666785e+01
2.046666666666666501e+01
1.866666666666666785e+01
2.192857142857142705e+01
2.023076923076922995e+01
2.025000000000000000e+01
2.289999999999999858e+01
1.538461538461538503e+01
1.586666666666666714e+01
2.412500000000000000e+01
2.062500000000000000e+01
2.462500000000000000e+01
1.589473684210526372e+01
1.880000000000000071e+01
2.441666666666666785e+01
2.170588235294117752e+01
1.813333333333333286e+01
2.062500000000000000e+01
2.244444444444444287e+01
1.900000000000000000e+01
1.727272727272727337e+01
1.389473684210526372e+01
1.780000000000000071e+01
1.854545454545454675e+01
1.675000000000000000e+01
1.575000000000000000e+01
2.911111111111111072e+01
1.900000000000000000e+01
2.158333333333333215e+01
1.900000000000000000e+01
1.800000000000000000e+01
2.800000000000000000e+01
1.683333333333333215e+01
1.400000000000000000e+01
2.069230769230769340e+01
1.500000000000000000e+01
2.290909090909091006e+01
2.588888888888888928e+01
1.523076923076922995e+01
2.400000000000000000e+01
1.827272727272727337e+01
2.971428571428571530e+01
1.821428571428571530e+01
1.181818181818181834e+01
2.700000000000000000e+01
2.023076923076922995e+01
2.806666666666666643e+01
1.950000000000000000e+01
2.319999999999999929e+01
2.383333333333333215e+01
2.146153846153845990e+01
2.118181818181818343e+01
1.559999999999999964e+01
1.827272727272727337e+01
2.433333333333333215e+01
2.457142857142857295e+01
2.975000000000000000e+01
2.357142857142857295e+01
2.525000000000000000e+01
2.133333333333333215e+01
2.023076923076922995e+01
2.160000000000000142e+01
1.987500000000000000e+01
1.610000000000000142e+01
1.389473684210526372e+01
2.457142857142857295e+01
2.436363636363636331e+01
1.828571428571428470e+01
2.181818181818181657e+01
1.065217391304347849e+01
2.242857142857142705e+01
1.192307692307692335e+01
1.178571428571428648e+01
2.185714285714285765e+01
1.323076923076922995e+01
1.481818181818181834e+01
2.685714285714285765e+01
1.409090909090909172e+01
1.546153846153846168e+01
1.943750000000000000e+01
1.956250000000000000e+01
2.212500000000000000e+01
1.322222222222222143e+01
2.121428571428571530e+01
1.975000000000000000e+01
1.881250000000000000e+01
2.578571428571428470e+01
2.076923076923077005e+01
2.225000000000000000e+01
1.600000000000000000e+01
2.087500000000000000e+01
1.464285714285714235e+01
1.650000000000000000e+01
1.438888888888888928e+01
2.333333333333333215e+01
1.813333333333333286e+01
2.000000000000000000e+01
1.981250000000000000e+01
1.978571428571428470e+01
1.344444444444444464e+01
2.118181818181818343e+01
2.125000000000000000e+01
2.600000000000000000e+01
1.900000000000000000e+01
2.433333333333333215e+01
2.212500000000000000e+01
1.494117647058823550e+01
2.237500000000000000e+01
1.259090909090909172e+01
1.853333333333333499e+01
2.142857142857142705e+01
1.573684210526315752e+01
1.450000000000000000e+01
1.600000000000000000e+01
2.400000000000000000e+01
1.100000000000000000e+01
1.969230769230769340e+01
2.100000000000000000e+01
1.590000000000000036e+01
2.062500000000000000e+01
1.611111111111111072e+01
2.342857142857142705e+01
1.758333333333333215e+01
1.047058823529411775e+01
1.508333333333333393e+01
2.245454545454545325e+01
2.184615384615384670e+01
2.271428571428571530e+01
1.266666666666666607e+01
1.241666666666666607e+01
1.500000000000000000e+01
1.310526315789473628e+01
1.700000000000000000e+01
3.583333333333333570e+01
1.340000000000000036e+01
2.169230769230769340e+01
2.266666666666666785e+01
1.319999999999999929e+01
2.236363636363636331e+01
2.210000000000000142e+01
2.133333333333333215e+01
1.646666666666666501e+01
1.818750000000000000e+01
1.857894736842105132e+01
3.027272727272727337e+01
1.657142857142857295e+01
2.400000000000000000e+01
1.450000000000000000e+01
1.855555555555555713e+01
1.247368421052631504e+01
1.825000000000000000e+01
1.719999999999999929e+01
1.600000000000000000e+01
1.419999999999999929e+01
1.800000000000000000e+01
9.250000000000000000e+00
1.200000000000000000e+01
2.244444444444444287e+01
1.762500000000000000e+01
1.739999999999999858e+01
1.663636363636363669e+01
1.900000000000000000e+01
2.185714285714285765e+01
1.885714285714285765e+01
2.083333333333333215e+01
1.789999999999999858e+01
2.545454545454545325e+01
1.400000000000000000e+01
1.871428571428571530e+01
1.511764705882352899e+01
2.069230769230769340e+01
1.285714285714285765e+01
2.238461538461538325e+01
1.530769230769230838e+01
2.510000000000000142e+01
2.114285714285714235e+01
1.581818181818181834e+01
1.400000000000000000e+01
1.766666666666666785e+01
1.900000000000000000e+01
1.962500000000000000e+01
2.381818181818181657e+01
1.950000000000000000e+01
1.647058823529411598e+01
2.133333333333333215e+01
1.442105263157894690e+01
1.922222222222222143e+01
1.687500000000000000e+01
1.095652173913043548e+01
1.806666666666666643e+01
1.700000000000000000e+01
1.923076923076922995e+01
1.546666666666666679e+01
2.311111111111111072e+01
2.166666666666666785e+01
2.155555555555555713e+01
1.813333333333333286e+01
1.419999999999999929e+01
2.487500000000000000e+01
1.785714285714285765e+01
1.116666666666666607e+01
1.421052631578947434e+01
1.219999999999999929e+01
2.957142857142857295e+01
2.566666666666666785e+01
1.518181818181818166e+01
2.126666666666666572e+01
3.250000000000000000e+01
1.800000000000000000e+01
1.857142857142857295e+01
2.000000000000000000e+01
1.771428571428571530e+01
2.064285714285714235e+01
2.125000000000000000e+01
1.975000000000000000e+01
2.500000000000000000e+01
1.400000000000000000e+01
2.400000000000000000e+01
1.733333333333333215e+01
3.237500000000000000e+01
1.900000000000000000e+01
1.462500000000000000e+01
2.414285714285714235e+01
2.375000000000000000e+01
1.615384615384615330e+01
2.000000000000000000e+01
2.666666666666666785e+01
1.784615384615384670e+01
1.872727272727272663e+01
3.479999999999999716e+01
1.643750000000000000e+01
2.462500000000000000e+01
2.094444444444444287e+01
2.358333333333333215e+01
1.639999999999999858e+01
2.742857142857142705e+01
2.508333333333333215e+01
2.533333333333333215e+01
2.011111111111111072e+01
1.975000000000000000e+01
2.333333333333333215e+01
1.619999999999999929e+01
1.776923076923077005e+01
1.000000000000000000e+01
1.854545454545454675e+01
1.536363636363636331e+01
1.931818181818181657e+01
1.653333333333333499e+01
1.739999999999999858e+01
2.554545454545454675e+01
2.407142857142857295e+01
2.133333333333333215e+01
1.623076923076922995e+01
1.550000000000000000e+01
1.966666666666666785e+01
2.187500000000000000e+01
2.072727272727272663e+01
2.084615384615384670e+01
1.096666666666666679e+01
2.114285714285714235e+01
3.679999999999999716e+01
1.700000000000000000e+01
2.537500000000000000e+01
1.543750000000000000e+01
1.938888888888888928e+01
2.871428571428571530e+01
2.763636363636363669e+01
1.833333333333333215e+01
1.500000000000000000e+01
1.758333333333333215e+01
2.266666666666666785e+01
1.738461538461538325e+01
1.862500000000000000e+01
1.955555555555555713e+01
2.010000000000000142e+01
1.750000000000000000e+01
2.316666666666666785e+01
1.590909090909090828e+01
1.660000000000000142e+01
2.750000000000000000e+01
1.925000000000000000e+01
1.952941176470588402e+01
2.257142857142857295e+01
2.088888888888888928e+01
2.172222222222222143e+01
2.000000000000000000e+01
1.880000000000000071e+01
9.733333333333332504e+00
2.437500000000000000e+01
2.112500000000000000e+01
2.414285714285714235e+01
1.304166666666666607e+01
2.078571428571428470e+01
1.809090909090908994e+01
2.213333333333333286e+01
2.212500000000000000e+01
2.225000000000000000e+01
1.468750000000000000e+01
1.888888888888888928e+01
1.842857142857142705e+01
1.978571428571428470e+01
2.128571428571428470e+01
1.633333333333333215e+01
1.888888888888888928e+01
1.575000000000000000e+01
1.705882352941176450e+01
2.309090909090908994e+01
2.325000000000000000e+01
2.400000000000000000e+01
1.388235294117647101e+01
1.612500000000000000e+01
2.242857142857142705e+01
2.037500000000000000e+01
1.459999999999999964e+01
1.771428571428571530e+01
1.962500000000000000e+01
1.500000000000000000e+01
1.414285714285714235e+01
3.333333333333333570e+01
1.833333333333333215e+01
1.930769230769230660e+01
1.655555555555555713e+01
2.419999999999999929e+01
1.622222222222222143e+01
2.118181818181818343e+01
1.787500000000000000e+01
1.326315789473684248e+01
1.978571428571428470e+01
1.711764705882352899e+01
1.917647058823529349e+01
2.085714285714285765e+01
2.200000000000000000e+01
2.214285714285714235e+01
1.792857142857142705e+01
1.900000000000000000e+01
1.463636363636363669e+01
1.469999999999999929e+01
1.125000000000000000e+01
2.018181818181818343e+01
1.869230769230769340e+01
2.187500000000000000e+01
1.284999999999999964e+01
2.000000000000000000e+01
2.788888888888888928e+01
1.814285714285714235e+01
1.970588235294117752e+01
1.235714285714285765e+01
1.877777777777777857e+01
1.980000000000000071e+01
2.075000000000000000e+01
1.822222222222222143e+01
1.969230769230769340e+01
2.400000000000000000e+01
1.606250000000000000e+01
1.494736842105263186e+01
2.042857142857142705e+01
2.084615384615384670e+01
1.320588235294117574e+01
1.643750000000000000e+01
1.739999999999999858e+01
2.414285714285714235e+01
2.413333333333333286e+01
1.836363636363636331e+01
1.430000000000000071e+01
1.715384615384615330e+01
1.761111111111111072e+01
1.519999999999999929e+01
1.256000000000000050e+01
2.628571428571428470e+01
2.619999999999999929e+01
2.064285714285714235e+01
2.069999999999999929e+01
2.228571428571428470e+01
2.157142857142857295e+01
1.591666666666666607e+01
2.000000000000000000e+01
1.738888888888888928e+01
1.506666666666666643e+01
1.975000000000000000e+01
2.209090909090908994e+01
1.973333333333333428e+01
1.782352941176470651e+01
1.871428571428571530e+01
1.544444444444444464e+01
1.669999999999999929e+01
2.010000000000000142e+01
1.964285714285714235e+01
2.472727272727272663e+01
1.752941176470588402e+01
1.944444444444444287e+01
2.415384615384615330e+01
1.887500000000000000e+01
1.313043478260869534e+01
2.130000000000000071e+01
2.055555555555555713e+01
2.585714285714285765e+01
1.836363636363636331e+01
2.184210526315789380e+01
1.972727272727272663e+01
1.939999999999999858e+01
2.188888888888888928e+01
2.158823529411764852e+01
1.661111111111111072e+01
1.415384615384615330e+01
1.805555555555555713e+01
1.529411764705882426e+01
2.600000000000000000e+01
1.926666666666666572e+01
1.886666666666666714e+01
1.800000000000000000e+01
2.050000000000000000e+01
1.973333333333333428e+01
2.042857142857142705e+01
1.614999999999999858e+01
2.325000000000000000e+01
2.008333333333333215e+01
2.262500000000000000e+01
1.700000000000000000e+01
1.538461538461538503e+01
2.016666666666666785e+01
2.200000000000000000e+01
2.291666666666666785e+01
2.477777777777777857e+01
2.000000000000000000e+01
2.550000000000000000e+01
2.125000000000000000e+01
1.459999999999999964e+01
1.939999999999999858e+01
2.457142857142857295e+01
1.418181818181818166e+01
1.923076923076922995e+01
2.353846153846154010e+01
1.515384615384615330e+01
2.071428571428571530e+01
2.111111111111111072e+01
2.244444444444444287e+01
2.130000000000000071e+01
2.187500000000000000e+01
1.794117647058823550e+01
1.587500000000000000e+01
1.984615384615384670e+01
1.933333333333333215e+01
2.112500000000000000e+01
3.720000000000000284e+01
2.285714285714285765e+01
1.672727272727272663e+01
1.812500000000000000e+01
1.946666666666666501e+01
1.642857142857142705e+01
2.490909090909091006e+01
1.411111111111111072e+01
2.500000000000000000e+01
1.717647058823529349e+01
1.807142857142857295e+01
2.391666666666666785e+01
2.150000000000000000e+01
1.686666666666666714e+01
2.138461538461538325e+01
1.766666666666666785e+01
2.785714285714285765e+01
1.638461538461538325e+01
2.108333333333333215e+01
2.263636363636363669e+01
1.612500000000000000e+01
1.575000000000000000e+01
1.416666666666666607e+01
2.600000000000000000e+01
2.280000000000000071e+01
2.877777777777777857e+01
1.494736842105263186e+01
3.125000000000000000e+01
2.335714285714285765e+01
1.984615384615384670e+01
2.136363636363636331e+01
1.630000000000000071e+01
2.739999999999999858e+01
1.770588235294117752e+01
1.668750000000000000e+01
2.083333333333333215e+01
2.387500000000000000e+01
1.800000000000000000e+01
2.066666666666666785e+01
2.850000000000000000e+01
2.471428571428571530e+01
1.869999999999999929e+01
1.568750000000000000e+01
1.845454545454545325e+01
1.922222222222222143e+01
2.237500000000000000e+01
1.691666666666666785e+01
2.275000000000000000e+01
1.569999999999999929e+01
2.225000000000000000e+01
2.869999999999999929e+01
1.354545454545454497e+01
2.093750000000000000e+01
1.611111111111111072e+01
2.087500000000000000e+01
1.410526315789473628e+01
1.762500000000000000e+01
2.690909090909091006e+01
2.200000000000000000e+01
1.991666666666666785e+01
1.482352941176470651e+01
1.690909090909091006e+01
1.561538461538461497e+01
2.014285714285714235e+01
2.018750000000000000e+01
2.288888888888888928e+01
1.893333333333333357e+01
3.800000000000000000e+01
1.669565217391304301e+01
1.233333333333333393e+01
1.214285714285714235e+01
1.525000000000000000e+01
1.766666666666666785e+01
1.457894736842105310e+01
2.439999999999999858e+01
2.487500000000000000e+01
1.937500000000000000e+01
1.719999999999999929e+01
2.585714285714285765e+01
1.480952380952381020e+01
1.710526315789473628e+01
2.211111111111111072e+01
2.433333333333333215e+01
1.565000000000000036e+01
2.166666666666666785e+01
1.847058823529411598e+01
1.391304347826086918e+01
2.383333333333333215e+01
1.700000000000000000e+01
1.860000000000000142e+01
2.500000000000000000e+01
1.718181818181818343e+01
1.687500000000000000e+01
2.166666666666666785e+01
1.650000000000000000e+01
1.762500000000000000e+01
1.926315789473684248e+01
1.662500000000000000e+01
1.194117647058823550e+01
1.885714285714285765e+01
1.811111111111111072e+01
1.572222222222222143e+01
1.900000000000000000e+01
2.225000000000000000e+01
1.928571428571428470e+01
1.519999999999999929e+01
1.376923076923077005e+01
1.780000000000000071e+01
1.752631578947368496e+01
1.069999999999999929e+01
1.280952380952381020e+01
1.788888888888888928e+01
2.433333333333333215e+01
1.966666666666666785e+01
2.010000000000000142e+01
2.242857142857142705e+01
2.342857142857142705e+01
1.336363636363636331e+01
1.511111111111111072e+01
2.119999999999999929e+01
1.987500000000000000e+01
1.750000000000000000e+01
2.454545454545454675e+01
1.631250000000000000e+01
1.247058823529411775e+01
1.866666666666666785e+01
1.777777777777777857e+01
1.817647058823529349e+01
1.283333333333333393e+01
1.733333333333333215e+01
1.685714285714285765e+01
1.540000000000000036e+01
1.652380952380952550e+01
2.633333333333333215e+01
1.553846153846153832e+01
1.714999999999999858e+01
2.366666666666666785e+01
2.035714285714285765e+01
1.618181818181818343e+01
1.700000000000000000e+01
1.350000000000000000e+01
1.518181818181818166e+01
1.155555555555555536e+01
1.860000000000000142e+01
1.553333333333333321e+01
1.643750000000000000e+01
1.480952380952381020e+01
1.494117647058823550e+01
1.050000000000000000e+01
1.987500000000000000e+01
2.142857142857142705e+01
1.312500000000000000e+01
2.889999999999999858e+01
1.466666666666666607e+01
1.619999999999999929e+01
1.366666666666666607e+01
2.111111111111111072e+01
1.669999999999999929e+01
1.765217391304347672e+01
1.877777777777777857e+01
1.828571428571428470e+01
1.925000000000000000e+01
1.822222222222222143e+01
1.988888888888888928e+01
2.445454545454545325e+01
2.192307692307692335e+01
2.733333333333333215e+01
2.466666666666666785e+01
1.276923076923077005e+01
3.075000000000000000e+01
1.760000000000000142e+01
2.046666666666666501e+01
2.323076923076922995e+01
1.550000000000000000e+01
2.128571428571428470e+01
3.150000000000000000e+01
1.710000000000000142e+01
1.881250000000000000e+01
2.583333333333333215e+01
1.554545454545454497e+01
1.945454545454545325e+01
2.571428571428571530e+01
1.566666666666666607e+01
1.571428571428571352e+01
2.255555555555555713e+01
1.575000000000000000e+01
1.950000000000000000e+01
2.014285714285714235e+01
2.262500000000000000e+01
1.100000000000000000e+01
1.842857142857142705e+01
1.326315789473684248e+01
2.112500000000000000e+01
1.431578947368421062e+01
1.700000000000000000e+01
1.606666666666666643e+01
1.829411764705882248e+01
2.128571428571428470e+01
1.977777777777777857e+01
1.769999999999999929e+01
2.491666666666666785e+01
2.122222222222222143e+01
2.353333333333333499e+01
2.200000000000000000e+01
1.958823529411764852e+01
2.138461538461538325e+01
1.780000000000000071e+01
1.475000000000000000e+01
1.272222222222222143e+01
1.939999999999999858e+01
2.280000000000000071e+01
2.050000000000000000e+01
1.729411764705882248e+01
2.750000000000000000e+01
1.753846153846154010e+01
1.363636363636363669e+01
2.233333333333333215e+01
2.242857142857142705e+01
1.987500000000000000e+01
1.445454545454545503e+01
2.026666666666666572e+01
2.176923076923077005e+01
1.400000000000000000e+01
1.839999999999999858e+01
1.546666666666666679e+01
1.800000000000000000e+01
2.157142857142857295e+01
1.646666666666666501e+01
1.550000000000000000e+01
2.685714285714285765e+01
2.423076923076922995e+01
1.422222222222222143e+01
1.554545454545454497e+01
2.083333333333333215e+01
1.244444444444444464e+01
2.069230769230769340e+01
1.928571428571428470e+01
2.533333333333333215e+01
2.018181818181818343e+01
1.492857142857142883e+01
2.337500000000000000e+01
2.475000000000000000e+01
2.053846153846154010e+01
2.255555555555555713e+01
1.194999999999999929e+01
1.671428571428571530e+01
1.766666666666666785e+01
2.245454545454545325e+01
1.552941176470588225e+01
1.368750000000000000e+01
1.428571428571428648e+01
2.200000000000000000e+01
2.312500000000000000e+01
1.639999999999999858e+01
2.025000000000000000e+01
1.325000000000000000e+01
9.392857142857142350e+00
2.883333333333333215e+01
1.585714285714285765e+01
1.735294117647058698e+01
1.777777777777777857e+01
1.905882352941176450e+01
1.933333333333333215e+01
2.953333333333333499e+01
1.519999999999999929e+01
2.054545454545454675e+01
1.639999999999999858e+01
1.026666666666666750e+01
2.100000000000000000e+01
2.057142857142857295e+01
1.855555555555555713e+01
1.681250000000000000e+01
1.325000000000000000e+01
2.361538461538461675e+01
1.985714285714285765e+01
2.342857142857142705e+01
2.318181818181818343e+01
1.800000000000000000e+01
2.393333333333333357e+01
1.739999999999999858e+01
1.900000000000000000e+01
2.133333333333333215e+01
2.342857142857142705e+01
2.485714285714285765e+01
1.457142857142857117e+01
2.271428571428571530e+01
1.815789473684210620e+01
2.627777777777777857e+01
2.021428571428571530e+01
1.700000000000000000e+01
2.408333333333333215e+01
2.328571428571428470e+01
1.578947368421052566e+01
1.731250000000000000e+01
1.733333333333333215e+01
1.617647058823529349e+01
1.505882352941176450e+01
1.933333333333333215e+01
1.711111111111111072e+01
1.384999999999999964e+01
2.150000000000000000e+01
1.585714285714285765e+01
1.755000000000000071e+01
1.175000000000000000e+01
2.350000000000000000e+01
2.200000000000000000e+01
1.529411764705882426e+01
1.566666666666666607e+01
1.900000000000000000e+01
2.466666666666666785e+01
2.066666666666666785e+01
2.425000000000000000e+01
1.406666666666666643e+01
1.700000000000000000e+01
1.630000000000000071e+01
1.886666666666666714e+01
2.119999999999999929e+01
1.600000000000000000e+01
2.175000000000000000e+01
2.144444444444444287e+01
1.860000000000000142e+01
2.839999999999999858e+01
1.518181818181818166e+01
1.600000000000000000e+01
1.821428571428571530e+01
1.833333333333333215e+01
2.200000000000000000e+01
1.435294117647058876e+01
2.389999999999999858e+01
1.618181818181818343e+01
1.900000000000000000e+01
1.768750000000000000e+01
1.742857142857142705e+01
1.787500000000000000e+01
2.223529411764705799e+01
2.883333333333333215e+01
2.208333333333333215e+01
1.377777777777777857e+01
1.922222222222222143e+01
2.512500000000000000e+01
1.900000000000000000e+01
2.112500000000000000e+01
1.488235294117647101e+01
1.616666666666666785e+01
1.433333333333333393e+01
3.000000000000000000e+01
1.623076923076922995e+01
1.442105263157894690e+01
1.917647058823529349e+01
1.655000000000000071e+01
1.736363636363636331e+01
9.043478260869564522e+00
1.666666666666666785e+01
2.627272727272727337e+01
1.673333333333333428e+01
1.383333333333333393e+01
1.547058823529411775e+01
1.694117647058823550e+01
1.869230769230769340e+01
1.912500000000000000e+01
1.672727272727272663e+01
2.289999999999999858e+01
2.000000000000000000e+01
2.062500000000000000e+01
1.790909090909091006e+01
1.750000000000000000e+01
1.842857142857142705e+01
2.113333333333333286e+01
2.127272727272727337e+01
2.300000000000000000e+01
1.137500000000000000e+01
1.625000000000000000e+01
2.215384615384615330e+01
3.100000000000000000e+01
2.100000000000000000e+01
2.262500000000000000e+01
2.112500000000000000e+01
1.541666666666666607e+01
1.950000000000000000e+01
1.886666666666666714e+01
1.392857142857142883e+01
1.522222222222222143e+01
1.512500000000000000e+01
2.875000000000000000e+01
2.311111111111111072e+01
2.085714285714285765e+01
1.500000000000000000e+01
1.652631578947368496e+01
1.950000000000000000e+01
1.668750000000000000e+01
1.810000000000000142e+01
2.166666666666666785e+01
2.177777777777777857e+01
1.435714285714285765e+01
1.671428571428571530e+01
1.492307692307692335e+01
2.527272727272727337e+01
1.469999999999999929e+01
1.723529411764705799e+01
1.509999999999999964e+01
2.211111111111111072e+01
1.585714285714285765e+01
2.000000000000000000e+01
1.135714285714285765e+01
2.037500000000000000e+01
1.454545454545454497e+01
1.788888888888888928e+01
1.536363636363636331e+01
1.590476190476190510e+01
1.922222222222222143e+01
2.675000000000000000e+01
1.975000000000000000e+01
1.533333333333333393e+01
1.327777777777777857e+01
2.050000000000000000e+01
1.875000000000000000e+01
2.050000000000000000e+01
2.654545454545454675e+01
1.654545454545454675e+01
2.228571428571428470e+01
1.214285714285714235e+01
1.687500000000000000e+01
1.725000000000000000e+01
1.400000000000000000e+01
1.742857142857142705e+01
1.562500000000000000e+01
2.987500000000000000e+01
1.766666666666666785e+01
1.744444444444444287e+01
1.550000000000000000e+01
1.857142857142857295e+01
2.019999999999999929e+01
1.500000000000000000e+01
1.284210526315789558e+01
1.750000000000000000e+01
2.285714285714285765e+01
2.116666666666666785e+01
2.400000000000000000e+01
1.738888888888888928e+01
2.011111111111111072e+01
1.443750000000000000e+01
1.890909090909091006e+01
1.987500000000000000e+01
1.554545454545454497e+01
2.933333333333333215e+01
1.750000000000000000e+01
1.380000000000000071e+01
1.900000000000000000e+01
2.150000000000000000e+01
1.580000000000000071e+01
2.155555555555555713e+01
1.700000000000000000e+01
2.069230769230769340e+01
2.080000000000000071e+01
1.850000000000000000e+01
2.475000000000000000e+01
3.350000000000000000e+01
1.689999999999999858e+01
2.458333333333333215e+01
1.946153846153845990e+01
2.100000000000000000e+01
1.618750000000000000e+01
2.500000000000000000e+01
1.911111111111111072e+01
1.476923076923077005e+01
2.960000000000000142e+01
2.039999999999999858e+01
1.533333333333333393e+01
1.712500000000000000e+01
2.360000000000000142e+01
1.687500000000000000e+01
1.900000000000000000e+01
1.830000000000000071e+01
2.162500000000000000e+01
1.662500000000000000e+01
2.264285714285714235e+01
2.400000000000000000e+01
2.983333333333333215e+01
2.136363636363636331e+01
2.483333333333333215e+01
1.869999999999999929e+01
1.482352941176470651e+01
1.836363636363636331e+01
1.535294117647058876e+01
2.144444444444444287e+01
2.064285714285714235e+01
2.139999999999999858e+01
1.743750000000000000e+01
1.727272727272727337e+01
1.788888888888888928e+01
2.162500000000000000e+01
2.819999999999999929e+01
1.451851851851851904e+01
1.478947368421052566e+01
1.400000000000000000e+01
2.046666666666666501e+01
1.989999999999999858e+01
2.069999999999999929e+01
2.050000000000000000e+01
1.761538461538461675e+01
2.100000000000000000e+01
1.458333333333333393e+01
2.671428571428571530e+01
2.166666666666666785e+01
3.183333333333333215e+01
2.254545454545454675e+01
2.412500000000000000e+01
1.711764705882352899e+01
1.671428571428571530e+01
2.177777777777777857e+01
2.216666666666666785e+01
1.689999999999999858e+01
2.300000000000000000e+01
1.563636363636363669e+01
2.350000000000000000e+01
1.881818181818181657e+01
2.418181818181818343e+01
2.319999999999999929e+01
2.400000000000000000e+01
1.794736842105263008e+01
1.806666666666666643e+01
2.422222222222222143e+01
2.950000000000000000e+01
1.362500000000000000e+01
2.400000000000000000e+01
2.115384615384615330e+01
1.488235294117647101e+01
1.833333333333333215e+01
1.486666666666666714e+01
2.138461538461538325e+01
1.329411764705882426e+01
1.272222222222222143e+01
2.483333333333333215e+01
2.011764705882352899e+01
2.183333333333333215e+01
1.941176470588235148e+01
1.828571428571428470e+01
2.062500000000000000e+01
1.950000000000000000e+01
2.150000000000000000e+01
2.550000000000000000e+01
8.842105263157895578e+00
2.022222222222222143e+01
2.136363636363636331e+01
